0.258059 0.076098 0.079991 0.406154 0.050154 0.129445 0.000035 0.000065 0.000000 0.000000 552392.000000 2869.000000
0.293677 0.061413 0.020633 0.406516 0.049569 0.168074 0.000049 0.000070 0.000000 0.000000 827180.000000 1642.000000
0.222013 0.064561 0.024385 0.557591 0.053823 0.077461 0.000095 0.000071 0.000000 0.000000 355080.000000 2119.000000
0.251337 0.044486 0.057282 0.414791 0.036133 0.195898 0.000011 0.000062 0.000000 0.000000 445585.000000 2715.000000
0.345863 0.037831 0.074332 0.318219 0.061714 0.161887 0.000047 0.000106 0.000000 0.000000 290634.000000 1684.000000
0.386623 0.103616 0.091590 0.286792 0.020752 0.110404 0.000125 0.000097 0.000000 0.000000 914456.000000 1781.000000
0.298586 0.096752 0.098673 0.221922 0.046668 0.237280 0.000033 0.000085 0.000000 0.000000 718721.000000 1659.000000
0.421320 0.105504 0.151591 0.134808 0.073488 0.113019 0.000172 0.000098 0.000000 0.000000 514028.000000 1471.000000
0.364318 0.074240 0.025561 0.089608 0.058692 0.387418 0.000093 0.000070 0.000000 0.000000 577261.000000 2082.000000
0.257466 0.047319 0.050667 0.096301 0.044079 0.504049 0.000055 0.000063 0.000000 0.000000 598826.000000 1659.000000
0.370668 0.052756 0.090097 0.106036 0.036734 0.343536 0.000104 0.000068 0.000000 0.000000 834259.000000 2874.000000
0.344005 0.071913 0.077951 0.431565 0.031780 0.042530 0.000160 0.000096 0.000000 0.000000 132386.000000 2404.000000
0.290472 0.065005 0.045826 0.282207 0.051893 0.264451 0.000085 0.000061 0.000000 0.000000 221195.000000 2756.000000
0.505611 0.097498 0.112783 0.192035 0.085921 0.005860 0.000171 0.000120 0.000000 0.000000 952248.000000 1126.000000
0.425114 0.082593 0.090944 0.265883 0.079050 0.056263 0.000071 0.000082 0.000000 0.000000 944113.000000 1413.000000
0.198016 0.045651 0.080228 0.384052 0.011569 0.280430 0.000001 0.000053 0.000000 0.000000 370480.000000 2846.000000
0.362116 0.084292 0.096902 0.253648 0.047402 0.155454 0.000092 0.000095 0.000000 0.000000 582559.000000 2290.000000
0.275266 0.018907 0.075489 0.320882 0.003864 0.305430 0.000085 0.000075 0.000000 0.000000 951353.000000 1676.000000
0.239632 0.106409 0.025492 0.509241 0.039822 0.079298 0.000012 0.000094 0.000000 0.000000 500411.000000 1820.000000
0.251868 0.053136 0.096483 0.291885 0.048663 0.257824 0.000070 0.000070 0.000000 0.000000 266052.000000 2808.000000
0.372826 0.100240 0.071326 0.158768 0.066427 0.230312 0.000015 0.000087 0.000000 0.000000 688262.000000 1838.000000
0.178272 0.091545 0.052475 0.248868 0.039913 0.388726 0.000121 0.000080 0.000000 0.000000 725822.000000 1103.000000
0.189345 0.179162 0.079351 0.291896 0.034922 0.225151 0.000083 0.000090 0.000000 0.000000 100559.000000 2019.000000
0.274336 0.040604 0.032813 0.302206 0.023271 0.326626 0.000074 0.000068 0.000000 0.000000 176834.000000 2079.000000
0.341755 0.025846 0.098164 0.087596 0.014804 0.431751 0.000008 0.000076 0.000000 0.000000 382424.000000 2249.000000
0.307818 0.064602 0.064939 0.183161 0.013784 0.365551 0.000096 0.000049 0.000000 0.000000 852299.000000 1794.000000
0.433916 0.012396 0.011496 0.469134 0.016167 0.056729 0.000077 0.000086 0.000000 0.000000 568793.000000 1795.000000
0.428541 0.044860 0.083312 0.144495 0.040259 0.258427 0.000040 0.000066 0.000000 0.000000 949978.000000 1197.000000
0.228192 0.056848 0.046888 0.228577 0.066139 0.373162 0.000122 0.000071 0.000000 0.000000 560299.000000 2170.000000
0.335352 0.075640 0.100809 0.352181 0.064078 0.071770 0.000089 0.000082 0.000000 0.000000 714327.000000 1250.000000
0.361629 0.050442 0.065356 0.274655 0.039180 0.208603 0.000084 0.000052 0.000000 0.000000 410620.000000 1935.000000
0.314218 0.108298 0.079403 0.233813 0.025270 0.238907 0.000010 0.000081 0.000000 0.000000 828662.000000 2774.000000
0.474110 0.112775 0.083174 0.090376 0.055072 0.184408 0.000008 0.000077 0.000000 0.000000 422496.000000 2209.000000
0.306242 0.070033 0.098867 0.219361 0.068148 0.237175 0.000087 0.000088 0.000000 0.000000 411061.000000 1816.000000
0.282848 0.096127 0.070659 0.356620 0.035652 0.157957 0.000077 0.000060 0.000000 0.000000 476581.000000 2047.000000
0.187901 0.097401 0.083069 0.285123 0.062821 0.283581 0.000023 0.000081 0.000000 0.000000 446292.000000 1604.000000
0.352682 0.130443 0.084077 0.357322 0.006524 0.068794 0.000075 0.000083 0.000000 0.000000 827245.000000 1607.000000
0.339838 0.084816 0.039787 0.059373 0.054404 0.421679 0.000046 0.000057 0.000000 0.000000 683100.000000 1641.000000
0.405218 0.108101 0.138519 0.279454 0.017227 0.051274 0.000123 0.000085 0.000000 0.000000 964517.000000 1961.000000
0.537143 0.124423 0.030823 0.130096 0.044640 0.132605 0.000172 0.000098 0.000000 0.000000 435203.000000 1573.000000
0.192341 0.052763 0.071884 0.237391 0.022002 0.423437 0.000114 0.000067 0.000000 0.000000 276468.000000 2911.000000
0.166951 0.066223 0.077063 0.302672 0.051470 0.335526 0.000025 0.000071 0.000000 0.000000 247778.000000 2952.000000
0.549841 0.099945 0.035763 0.128411 0.059175 0.126691 0.000049 0.000124 0.000000 0.000000 232191.000000 1133.000000
0.252885 0.050851 0.054395 0.221474 0.046274 0.374009 0.000057 0.000055 0.000000 0.000000 809668.000000 2628.000000
0.271135 0.137514 0.089023 0.261764 0.036565 0.203770 0.000142 0.000086 0.000000 0.000000 164812.000000 2410.000000
0.357038 0.063556 0.071027 0.092992 0.056526 0.358784 0.000006 0.000070 0.000000 0.000000 402595.000000 2799.000000
0.443835 0.042825 0.065895 0.280929 0.002440 0.163939 0.000066 0.000072 0.000000 0.000000 787952.000000 2718.000000
0.304988 0.055682 0.047011 0.284821 0.041124 0.266274 0.000028 0.000071 0.000000 0.000000 601576.000000 2794.000000
0.365158 0.104969 0.044858 0.083643 0.034535 0.366670 0.000087 0.000079 0.000000 0.000000 706757.000000 1557.000000
0.310356 0.092305 0.125709 0.145103 0.004068 0.322273 0.000109 0.000079 0.000000 0.000000 928628.000000 1149.000000
0.344195 0.079138 0.067684 0.263561 0.040322 0.205032 0.000015 0.000052 0.000000 0.000000 506907.000000 2271.000000
0.520861 0.139388 0.063537 0.131128 0.049242 0.095557 0.000180 0.000107 0.000000 0.000000 841122.000000 1147.000000
0.320957 0.093739 0.037430 0.214230 0.042806 0.290759 0.000022 0.000057 0.000000 0.000000 589619.000000 2148.000000
0.307665 0.056721 0.071078 0.315251 0.015941 0.233266 0.000018 0.000060 0.000000 0.000000 612373.000000 1396.000000
0.341995 0.062081 0.051137 0.376144 0.026296 0.142204 0.000090 0.000052 0.000000 0.000000 648413.000000 1862.000000
0.324304 0.032376 0.065671 0.136656 0.072742 0.368053 0.000120 0.000078 0.000000 0.000000 885902.000000 1918.000000
0.417944 0.045313 0.054244 0.255362 0.045263 0.181755 0.000062 0.000057 0.000000 0.000000 115812.000000 2062.000000
0.359692 0.139300 0.078761 0.226437 0.008308 0.187347 0.000075 0.000081 0.000000 0.000000 376306.000000 2942.000000
0.357777 0.004843 0.120352 0.221892 0.030345 0.264639 0.000064 0.000089 0.000000 0.000000 945859.000000 2778.000000
0.402119 0.043228 0.081270 0.124372 0.061204 0.287652 0.000047 0.000109 0.000000 0.000000 453456.000000 1315.000000
0.328703 0.105277 0.082858 0.276224 0.051042 0.155795 0.000042 0.000060 0.000000 0.000000 928716.000000 2983.000000
0.443876 0.100560 0.045712 0.111088 0.059167 0.239439 0.000049 0.000108 0.000000 0.000000 125214.000000 2054.000000
0.606024 0.070485 0.082519 0.103566 0.066117 0.070999 0.000193 0.000098 0.000000 0.000000 272187.000000 2024.000000
0.216550 0.084919 0.019791 0.620500 0.045420 0.012701 0.000046 0.000072 0.000000 0.000000 164727.000000 2078.000000
0.392166 0.121333 0.099487 0.188198 0.053423 0.145313 0.000003 0.000078 0.000000 0.000000 968837.000000 1045.000000
0.303347 0.090983 0.049260 0.159120 0.028267 0.368926 0.000033 0.000065 0.000000 0.000000 159511.000000 2470.000000
0.314010 0.065687 0.101052 0.231449 0.063569 0.224042 0.000122 0.000070 0.000000 0.000000 985675.000000 2375.000000
0.286947 0.126319 0.145407 0.195171 0.028964 0.216949 0.000153 0.000090 0.000000 0.000000 447443.000000 2098.000000
0.260982 0.102378 0.110375 0.312092 0.057105 0.156862 0.000116 0.000091 0.000000 0.000000 555226.000000 1810.000000
0.356784 0.119131 0.035175 0.236564 0.012740 0.239433 0.000088 0.000085 0.000000 0.000000 572192.000000 2416.000000
0.340143 0.063893 0.053861 0.274144 0.020817 0.247056 0.000015 0.000071 0.000000 0.000000 553079.000000 1286.000000
0.263219 0.035870 0.058926 0.333731 0.036879 0.271250 0.000074 0.000051 0.000000 0.000000 810492.000000 2405.000000
0.273255 0.129980 0.099458 0.224172 0.039926 0.232946 0.000173 0.000091 0.000000 0.000000 218204.000000 2176.000000
0.213261 0.138852 0.127072 0.466862 0.044717 0.009124 0.000010 0.000102 0.000000 0.000000 427205.000000 2344.000000
0.465951 0.103218 0.075989 0.093069 0.063464 0.198049 0.000170 0.000090 0.000000 0.000000 499773.000000 1246.000000
0.337821 0.076478 0.065920 0.266965 0.012033 0.240597 0.000097 0.000087 0.000000 0.000000 334379.000000 1040.000000
0.384087 0.053133 0.045075 0.182537 0.062739 0.272240 0.000089 0.000099 0.000000 0.000000 727640.000000 1985.000000
0.318567 0.076780 0.082299 0.162823 0.044560 0.314891 0.000026 0.000053 0.000000 0.000000 647822.000000 1970.000000
0.285194 0.095879 0.057078 0.297057 0.065127 0.199569 0.000023 0.000073 0.000000 0.000000 867802.000000 1756.000000
0.347979 0.007404 0.063219 0.254889 0.012793 0.313654 0.000003 0.000060 0.000000 0.000000 960018.000000 1609.000000
0.326838 0.008324 0.036580 0.314547 0.073491 0.240084 0.000060 0.000077 0.000000 0.000000 102695.000000 1509.000000
0.274907 0.084441 0.130742 0.105747 0.005477 0.398429 0.000166 0.000091 0.000000 0.000000 674752.000000 2881.000000
0.166629 0.066404 0.112656 0.158356 0.039099 0.456765 0.000020 0.000070 0.000000 0.000000 495937.000000 1378.000000
0.310557 0.104737 0.094150 0.288001 0.036248 0.166155 0.000092 0.000060 0.000000 0.000000 343938.000000 1169.000000
0.230762 0.115329 0.098273 0.285031 0.009711 0.260797 0.000025 0.000072 0.000000 0.000000 379110.000000 1630.000000
0.275090 0.090364 0.100937 0.260690 0.047041 0.225764 0.000044 0.000072 0.000000 0.000000 213693.000000 2267.000000
0.290689 0.040686 0.030995 0.104224 0.007320 0.525919 0.000092 0.000076 0.000000 0.000000 179898.000000 1746.000000
0.257162 0.125473 0.114964 0.263748 0.042373 0.195990 0.000187 0.000104 0.000000 0.000000 954105.000000 1082.000000
0.300024 0.070253 0.105635 0.458758 0.034934 0.030160 0.000150 0.000085 0.000000 0.000000 159936.000000 2715.000000
0.376477 0.139902 0.094162 0.170506 0.070651 0.148204 0.000005 0.000092 0.000000 0.000000 765896.000000 2396.000000
0.559467 0.128273 0.084298 0.110843 0.067337 0.049681 0.000018 0.000084 0.000000 0.000000 482450.000000 1792.000000
0.253830 0.071220 0.097613 0.446330 0.011144 0.119788 0.000016 0.000057 0.000000 0.000000 155950.000000 2911.000000
0.188596 0.063655 0.097803 0.176239 0.021520 0.452072 0.000049 0.000067 0.000000 0.000000 514054.000000 1460.000000
0.321691 0.048323 0.070817 0.339142 0.063448 0.156399 0.000114 0.000065 0.000000 0.000000 853001.000000 1861.000000
0.260451 0.063135 0.082043 0.270032 0.038426 0.285786 0.000072 0.000054 0.000000 0.000000 405047.000000 1500.000000
0.383314 0.033857 0.054827 0.306769 0.011937 0.209242 0.000001 0.000052 0.000000 0.000000 807994.000000 1998.000000
0.266623 0.057235 0.070116 0.361677 0.010071 0.234173 0.000045 0.000060 0.000000 0.000000 179862.000000 1230.000000
0.393936 0.101915 0.033818 0.152872 0.045240 0.272028 0.000106 0.000086 0.000000 0.000000 327091.000000 1198.000000
0.381981 0.068302 0.046606 0.178901 0.033050 0.290984 0.000096 0.000080 0.000000 0.000000 932668.000000 2198.000000
0.532065 0.126334 0.106878 0.106594 0.034237 0.093657 0.000156 0.000080 0.000000 0.000000 428284.000000 1618.000000
0.359614 0.034152 0.086006 0.324668 0.024448 0.171033 0.000014 0.000065 0.000000 0.000000 658541.000000 1238.000000
0.136134 0.050284 0.087226 0.278606 0.036524 0.411109 0.000055 0.000061 0.000000 0.000000 345458.000000 2503.000000
0.231374 0.127193 0.043071 0.422535 0.012786 0.162851 0.000108 0.000082 0.000000 0.000000 151488.000000 2981.000000
0.298735 0.077590 0.074439 0.377189 0.041360 0.130524 0.000092 0.000073 0.000000 0.000000 360059.000000 1484.000000
0.395943 0.040490 0.085796 0.373294 0.009564 0.094745 0.000082 0.000086 0.000000 0.000000 771477.000000 1120.000000
0.310554 0.077450 0.067866 0.325248 0.054792 0.163928 0.000101 0.000060 0.000000 0.000000 167642.000000 1439.000000
0.348927 0.091581 0.074146 0.232547 0.055047 0.197599 0.000088 0.000065 0.000000 0.000000 933039.000000 1236.000000
0.212511 0.110893 0.073636 0.280837 0.044030 0.277893 0.000130 0.000070 0.000000 0.000000 961492.000000 1716.000000
0.244779 0.071603 0.039299 0.175676 0.051437 0.417076 0.000078 0.000052 0.000000 0.000000 413522.000000 2734.000000
0.467723 0.139303 0.028576 0.114939 0.020172 0.229194 0.000003 0.000091 0.000000 0.000000 656091.000000 1265.000000
0.454475 0.140008 0.086845 0.180875 0.008972 0.128593 0.000143 0.000090 0.000000 0.000000 152101.000000 2856.000000
0.424458 0.042738 0.051114 0.165777 0.004672 0.311067 0.000093 0.000080 0.000000 0.000000 211800.000000 1032.000000
0.372960 0.060798 0.156624 0.343265 0.062695 0.003498 0.000042 0.000119 0.000000 0.000000 165145.000000 1168.000000
0.347971 0.047871 0.073896 0.298331 0.010992 0.220874 0.000005 0.000061 0.000000 0.000000 577867.000000 1890.000000
0.256365 0.064133 0.153439 0.369964 0.026664 0.129231 0.000103 0.000101 0.000000 0.000000 878816.000000 1038.000000
0.274382 0.112697 0.059537 0.434728 0.038164 0.080266 0.000134 0.000092 0.000000 0.000000 138301.000000 2391.000000
0.284360 0.079586 0.109025 0.270066 0.021087 0.235712 0.000084 0.000080 0.000000 0.000000 609568.000000 1207.000000
0.377592 0.163561 0.084399 0.209948 0.026583 0.137712 0.000100 0.000105 0.000000 0.000000 563428.000000 2247.000000
0.233372 0.078798 0.079063 0.223493 0.023114 0.362008 0.000087 0.000063 0.000000 0.000000 997695.000000 2775.000000
0.179051 0.033149 0.038302 0.365157 0.053941 0.330317 0.000025 0.000059 0.000000 0.000000 281486.000000 2658.000000
0.216602 0.083339 0.127023 0.231325 0.026053 0.315455 0.000126 0.000077 0.000000 0.000000 346127.000000 1457.000000
0.419101 0.169994 0.166427 0.199408 0.016684 0.028220 0.000063 0.000103 0.000000 0.000000 995893.000000 2253.000000
0.383425 0.110823 0.131588 0.180054 0.055564 0.138225 0.000193 0.000129 0.000000 0.000000 384125.000000 2489.000000
0.285293 0.098698 0.108425 0.309079 0.038282 0.160087 0.000071 0.000064 0.000000 0.000000 694106.000000 2300.000000
0.456746 0.066573 0.102758 0.293697 0.023680 0.056460 0.000021 0.000066 0.000000 0.000000 883762.000000 1723.000000
0.482353 0.049755 0.090004 0.200975 0.064233 0.112485 0.000098 0.000096 0.000000 0.000000 611881.000000 1775.000000
0.235020 0.045265 0.060284 0.135072 0.020374 0.503763 0.000147 0.000075 0.000000 0.000000 338844.000000 2936.000000
0.216364 0.073920 0.022074 0.222111 0.003706 0.461716 0.000041 0.000067 0.000000 0.000000 586937.000000 1001.000000
0.346350 0.025684 0.194500 0.260252 0.078060 0.094959 0.000093 0.000102 0.000000 0.000000 416506.000000 1411.000000
0.248082 0.089462 0.021067 0.281492 0.060946 0.298814 0.000069 0.000068 0.000000 0.000000 793114.000000 1569.000000
0.257459 0.071481 0.106794 0.184427 0.043098 0.336573 0.000111 0.000056 0.000000 0.000000 942741.000000 1849.000000
0.491855 0.076699 0.125844 0.245181 0.053358 0.006819 0.000154 0.000090 0.000000 0.000000 523919.000000 1409.000000
0.243202 0.058588 0.149615 0.372093 0.001455 0.174913 0.000050 0.000084 0.000000 0.000000 601798.000000 1777.000000
0.342111 0.080203 0.101475 0.326645 0.089098 0.060249 0.000124 0.000094 0.000000 0.000000 761005.000000 1785.000000
0.313194 0.138287 0.063729 0.223034 0.027231 0.234236 0.000179 0.000110 0.000000 0.000000 583660.000000 1333.000000
0.388187 0.106281 0.046418 0.368408 0.049274 0.041135 0.000155 0.000141 0.000000 0.000000 195122.000000 2337.000000
0.194963 0.151248 0.019065 0.378865 0.036235 0.219508 0.000023 0.000095 0.000000 0.000000 808289.000000 2139.000000
0.256050 0.097342 0.062593 0.422063 0.076971 0.084797 0.000104 0.000081 0.000000 0.000000 753324.000000 2770.000000
0.279793 0.049407 0.035866 0.356052 0.027956 0.250816 0.000062 0.000048 0.000000 0.000000 247752.000000 1437.000000
0.297729 0.077321 0.081570 0.462506 0.066284 0.014448 0.000058 0.000086 0.000000 0.000000 873784.000000 2224.000000
0.382181 0.051610 0.010079 0.267107 0.048423 0.240527 0.000012 0.000062 0.000000 0.000000 314606.000000 1580.000000
0.338796 0.060482 0.041483 0.305829 0.039698 0.213618 0.000047 0.000046 0.000000 0.000000 486593.000000 2561.000000
0.457138 0.071456 0.095590 0.114387 0.048596 0.212671 0.000085 0.000077 0.000000 0.000000 314219.000000 2296.000000
0.384549 0.065942 0.097628 0.290454 0.020178 0.141128 0.000044 0.000078 0.000000 0.000000 360471.000000 1083.000000
0.384438 0.001940 0.094641 0.195195 0.025744 0.297872 0.000075 0.000096 0.000000 0.000000 971924.000000 1996.000000
0.376357 0.085330 0.072339 0.282828 0.030241 0.152694 0.000129 0.000082 0.000000 0.000000 504783.000000 2668.000000
0.558648 0.042820 0.068788 0.129411 0.062519 0.137667 0.000073 0.000074 0.000000 0.000000 444598.000000 2750.000000
0.493717 0.131972 0.138088 0.150856 0.076377 0.008792 0.000091 0.000107 0.000000 0.000000 904830.000000 1995.000000
0.193903 0.117021 0.069042 0.182648 0.047850 0.389414 0.000058 0.000065 0.000000 0.000000 957366.000000 1423.000000
0.538448 0.104343 0.104551 0.170856 0.045002 0.036600 0.000091 0.000109 0.000000 0.000000 562681.000000 1511.000000
0.454541 0.117766 0.079919 0.227878 0.096546 0.023042 0.000205 0.000104 0.000000 0.000000 632043.000000 2872.000000
0.344968 0.047386 0.140974 0.407561 0.058192 0.000657 0.000166 0.000096 0.000000 0.000000 381255.000000 2391.000000
0.360612 0.103635 0.075434 0.145002 0.019937 0.295289 0.000016 0.000075 0.000000 0.000000 518966.000000 2719.000000
0.355940 0.066050 0.051081 0.252854 0.058491 0.215466 0.000058 0.000062 0.000000 0.000000 269394.000000 1577.000000
0.282306 0.047722 0.045251 0.309957 0.037738 0.276872 0.000073 0.000082 0.000000 0.000000 628936.000000 2182.000000
0.478544 0.099920 0.132607 0.146409 0.070061 0.072085 0.000241 0.000132 0.000000 0.000000 305261.000000 2577.000000
0.268699 0.078465 0.060814 0.306466 0.063877 0.221486 0.000108 0.000085 0.000000 0.000000 134655.000000 2535.000000
0.287578 0.095244 0.194717 0.361389 0.047465 0.013242 0.000233 0.000133 0.000000 0.000000 711675.000000 1368.000000
0.381273 0.136597 0.110804 0.129379 0.018172 0.223512 0.000172 0.000091 0.000000 0.000000 689461.000000 1677.000000
0.257826 0.126361 0.110306 0.365036 0.032996 0.107296 0.000062 0.000116 0.000000 0.000000 760928.000000 2210.000000
0.182088 0.077812 0.053433 0.337093 0.021423 0.328019 0.000066 0.000065 0.000000 0.000000 303926.000000 2056.000000
0.360148 0.102089 0.011062 0.104215 0.056506 0.365871 0.000042 0.000067 0.000000 0.000000 744574.000000 1206.000000
0.528509 0.101776 0.172333 0.106715 0.059800 0.030648 0.000126 0.000094 0.000000 0.000000 243888.000000 1189.000000
0.397677 0.111361 0.098331 0.217150 0.024334 0.150919 0.000148 0.000080 0.000000 0.000000 749704.000000 1460.000000
0.257465 0.058536 0.078522 0.204688 0.028793 0.371864 0.000066 0.000067 0.000000 0.000000 343600.000000 2855.000000
0.369031 0.076917 0.081578 0.220304 0.004516 0.247446 0.000129 0.000078 0.000000 0.000000 662365.000000 1479.000000
0.195531 0.091437 0.125989 0.527578 0.039460 0.019774 0.000149 0.000082 0.000000 0.000000 185307.000000 2420.000000
0.416665 0.089371 0.049483 0.306502 0.058915 0.078826 0.000123 0.000115 0.000000 0.000000 259623.000000 1988.000000
0.249997 0.103837 0.092998 0.233427 0.031804 0.287828 0.000040 0.000069 0.000000 0.000000 952096.000000 1872.000000
0.395690 0.127430 0.041899 0.264744 0.062105 0.108009 0.000042 0.000080 0.000000 0.000000 522254.000000 2906.000000
0.380202 0.061072 0.022072 0.327668 0.043438 0.165465 0.000008 0.000075 0.000000 0.000000 876340.000000 1691.000000
0.224629 0.064562 0.093923 0.153621 0.000158 0.462946 0.000078 0.000083 0.000000 0.000000 691783.000000 2140.000000
0.207753 0.109538 0.038945 0.273808 0.046376 0.323405 0.000116 0.000060 0.000000 0.000000 101603.000000 1323.000000
0.172660 0.101202 0.065043 0.254512 0.044712 0.361653 0.000145 0.000074 0.000000 0.000000 878860.000000 2899.000000
0.394436 0.052953 0.121172 0.360682 0.049979 0.020682 0.000016 0.000080 0.000000 0.000000 304612.000000 1810.000000
0.216646 0.045142 0.067377 0.124512 0.032042 0.514195 0.000010 0.000076 0.000000 0.000000 914166.000000 2039.000000
0.306503 0.125257 0.099238 0.243216 0.056739 0.168788 0.000147 0.000110 0.000000 0.000000 222612.000000 2555.000000
0.402704 0.090248 0.085868 0.126703 0.065407 0.228828 0.000150 0.000090 0.000000 0.000000 417486.000000 2369.000000
0.371823 0.037950 0.048679 0.389579 0.057105 0.094764 0.000029 0.000069 0.000000 0.000000 640290.000000 1545.000000
0.166344 0.063101 0.055095 0.187703 0.004486 0.523199 0.000031 0.000042 0.000000 0.000000 144766.000000 2268.000000
0.367161 0.045783 0.036098 0.275260 0.011272 0.264325 0.000039 0.000061 0.000000 0.000000 531559.000000 2111.000000
0.321352 0.073866 0.123958 0.159245 0.018165 0.303287 0.000047 0.000080 0.000000 0.000000 780055.000000 1390.000000
0.279808 0.055550 0.068599 0.086438 0.018612 0.490898 0.000048 0.000047 0.000000 0.000000 571390.000000 1002.000000
0.308349 0.073353 0.069577 0.237817 0.012622 0.298063 0.000134 0.000083 0.000000 0.000000 262413.000000 1013.000000
0.350041 0.062456 0.040823 0.197994 0.020103 0.328385 0.000129 0.000068 0.000000 0.000000 302325.000000 1687.000000
0.350747 0.055453 0.096933 0.113298 0.005564 0.377862 0.000065 0.000079 0.000000 0.000000 863714.000000 1565.000000
0.258607 0.047526 0.071444 0.394407 0.047898 0.179999 0.000047 0.000073 0.000000 0.000000 158757.000000 2008.000000
0.146775 0.078193 0.085135 0.183487 0.040636 0.465612 0.000095 0.000068 0.000000 0.000000 197265.000000 1605.000000
0.344152 0.066694 0.076253 0.230408 0.049291 0.233013 0.000120 0.000070 0.000000 0.000000 478742.000000 1134.000000
0.210028 0.039445 0.074658 0.410114 0.044685 0.220990 0.000032 0.000047 0.000000 0.000000 905304.000000 2934.000000
0.434865 0.148218 0.120008 0.188149 0.066421 0.042126 0.000116 0.000098 0.000000 0.000000 864414.000000 1561.000000
0.532622 0.053614 0.037412 0.183790 0.078382 0.114058 0.000039 0.000082 0.000000 0.000000 460206.000000 2810.000000
0.433622 0.114572 0.107596 0.184438 0.008572 0.151069 0.000041 0.000091 0.000000 0.000000 190835.000000 1781.000000
0.300607 0.055465 0.071194 0.122863 0.020616 0.429185 0.000001 0.000069 0.000000 0.000000 725782.000000 2199.000000
0.217340 0.092913 0.072756 0.167233 0.005665 0.443983 0.000028 0.000083 0.000000 0.000000 854574.000000 2430.000000
0.353158 0.112789 0.123962 0.313561 0.056451 0.039918 0.000091 0.000069 0.000000 0.000000 191705.000000 1140.000000
0.294903 0.098913 0.061895 0.396953 0.039459 0.107669 0.000127 0.000081 0.000000 0.000000 381430.000000 2804.000000
