0;2869;5.97591;1.76221;1.85236;9.40537;1.16142;2.99758;0.0008105;0.00150521;0;0
1e-07;2797.57;2.63168;1.53361;5.38407;5.78586;1.66122;6.20758;0.00105713;3.52467e-06;0;0
2e-07;2784.98;2.63599;1.55033;5.40746;5.78343;1.64939;6.20081;0.00110441;3.62491e-06;0;0
3e-07;2777.21;2.63907;1.56083;5.42126;5.7825;1.64204;6.19614;0.00113459;3.68908e-06;0;0
4e-07;2772.23;2.64102;1.56758;5.43007;5.78193;1.63732;6.19316;0.00115436;3.73124e-06;0;0
5e-07;2769.46;2.64211;1.57135;5.43496;5.78162;1.6347;6.19149;0.00116551;3.75506e-06;0;0
6e-07;2767.74;2.64278;1.5737;5.43799;5.78143;1.63307;6.19046;0.00117249;3.76999e-06;0;0
7e-07;2766.69;2.64319;1.57514;5.43984;5.78131;1.63207;6.18983;0.00117679;3.77919e-06;0;0
8e-07;2766;2.64345;1.57608;5.44105;5.78124;1.63142;6.18942;0.00117959;3.78517e-06;0;0
9e-07;2765.61;2.64361;1.57661;5.44174;5.78119;1.63104;6.18918;0.0011812;3.78861e-06;0;0
1e-06;2765.36;2.6437;1.57696;5.44218;5.78117;1.63081;6.18903;0.00118223;3.79082e-06;0;0
1.1e-06;2765.2;2.64377;1.57717;5.44246;5.78115;1.63066;6.18894;0.00118288;3.79221e-06;0;0
1.2e-06;2765.1;2.6438;1.57731;5.44263;5.78114;1.63056;6.18888;0.00118329;3.79309e-06;0;0
1.3e-06;2765.04;2.64383;1.57739;5.44274;5.78113;1.6305;6.18884;0.00118354;3.79363e-06;0;0
1.4e-06;2765;2.64384;1.57745;5.44281;5.78113;1.63046;6.18882;0.00118371;3.79399e-06;0;0
1.5e-06;2764.98;2.64385;1.57748;5.44285;5.78113;1.63044;6.1888;0.0011838;3.79419e-06;0;0
1.6e-06;2764.97;2.64386;1.5775;5.44287;5.78112;1.63043;6.1888;0.00118385;3.79429e-06;0;0
1.7e-06;2764.96;2.64386;1.57751;5.44289;5.78112;1.63042;6.18879;0.00118389;3.79437e-06;0;0
1.8e-06;2764.95;2.64386;1.57752;5.4429;5.78112;1.63042;6.18879;0.00118391;3.79442e-06;0;0
1.9e-06;2764.95;2.64386;1.57752;5.4429;5.78112;1.63041;6.18879;0.00118392;3.79444e-06;0;0
2e-06;2764.95;2.64386;1.57752;5.44291;5.78112;1.63041;6.18879;0.00118393;3.79445e-06;0;0
2.1e-06;2764.95;2.64386;1.57752;5.44291;5.78112;1.63041;6.18879;0.00118393;3.79446e-06;0;0
2.2e-06;2764.95;2.64387;1.57752;5.44291;5.78112;1.63041;6.18879;0.00118393;3.79447e-06;0;0
2.3e-06;2764.95;2.64387;1.57752;5.44291;5.78112;1.63041;6.18879;0.00118393;3.79447e-06;0;0
2.4e-06;2764.95;2.64387;1.57752;5.44291;5.78112;1.63041;6.18878;0.00118393;3.79447e-06;0;0
2.5e-06;2764.95;2.64387;1.57752;5.44291;5.78112;1.63041;6.18878;0.00118393;3.79447e-06;0;0
2.6e-06;2764.95;2.64387;1.57752;5.44291;5.78112;1.63041;6.18878;0.00118393;3.79447e-06;0;0
2.7e-06;2764.95;2.64387;1.57752;5.44291;5.78112;1.63041;6.18878;0.00118393;3.79447e-06;0;0
2.8e-06;2764.95;2.64387;1.57752;5.44291;5.78112;1.63041;6.18878;0.00118393;3.79447e-06;0;0
2.9e-06;2764.95;2.64387;1.57752;5.44291;5.78112;1.63041;6.18878;0.00118393;3.79447e-06;0;0
3e-06;2764.95;2.64387;1.57752;5.44291;5.78112;1.63041;6.18878;0.00118393;3.79447e-06;0;0
3.1e-06;2764.95;2.64387;1.57752;5.44291;5.78112;1.63041;6.18878;0.00118393;3.79447e-06;0;0
3.2e-06;2764.95;2.64387;1.57752;5.44291;5.78112;1.63041;6.18878;0.00118393;3.79447e-06;0;0
3.3e-06;2764.95;2.64387;1.57752;5.44291;5.78112;1.63041;6.18878;0.00118393;3.79447e-06;0;0
3.4e-06;2764.95;2.64387;1.57752;5.44291;5.78112;1.63041;6.18878;0.00118393;3.79447e-06;0;0
3.5e-06;2764.95;2.64387;1.57752;5.44291;5.78112;1.63041;6.18878;0.00118393;3.79447e-06;0;0
3.6e-06;2764.95;2.64387;1.57752;5.44291;5.78112;1.63041;6.18878;0.00118393;3.79447e-06;0;0
3.7e-06;2764.95;2.64387;1.57752;5.44291;5.78112;1.63041;6.18878;0.00118393;3.79447e-06;0;0
3.8e-06;2764.95;2.64387;1.57752;5.44291;5.78112;1.63041;6.18878;0.00118393;3.79447e-06;0;0
3.9e-06;2764.95;2.64387;1.57752;5.44291;5.78112;1.63041;6.18878;0.00118393;3.79447e-06;0;0
4e-06;2764.95;2.64387;1.57752;5.44291;5.78112;1.63041;6.18878;0.00118393;3.79447e-06;0;0
4.1e-06;2764.95;2.64387;1.57752;5.44291;5.78112;1.63041;6.18878;0.00118393;3.79447e-06;0;0
4.2e-06;2764.95;2.64387;1.57752;5.44291;5.78112;1.63041;6.18878;0.00118393;3.79447e-06;0;0
4.3e-06;2764.95;2.64387;1.57752;5.44291;5.78112;1.63041;6.18878;0.00118393;3.79447e-06;0;0
4.4e-06;2764.95;2.64387;1.57752;5.44291;5.78112;1.63041;6.18878;0.00118393;3.79447e-06;0;0
4.5e-06;2764.95;2.64387;1.57752;5.44291;5.78112;1.63041;6.18878;0.00118393;3.79447e-06;0;0
4.6e-06;2764.95;2.64387;1.57752;5.44291;5.78112;1.63041;6.18878;0.00118393;3.79447e-06;0;0
4.7e-06;2764.95;2.64387;1.57752;5.44291;5.78112;1.63041;6.18878;0.00118393;3.79447e-06;0;0
4.8e-06;2764.95;2.64387;1.57752;5.44291;5.78112;1.63041;6.18878;0.00118393;3.79447e-06;0;0
4.9e-06;2764.95;2.64387;1.57752;5.44291;5.78112;1.63041;6.18878;0.00118393;3.79447e-06;0;0
5e-06;2764.95;2.64387;1.57752;5.44291;5.78112;1.63041;6.18878;0.00118393;3.79447e-06;0;0
5.1e-06;2764.95;2.64387;1.57752;5.44291;5.78112;1.63041;6.18878;0.00118393;3.79447e-06;0;0
5.2e-06;2764.95;2.64387;1.57752;5.44291;5.78112;1.63041;6.18878;0.00118393;3.79447e-06;0;0
5.3e-06;2764.95;2.64387;1.57752;5.44291;5.78112;1.63041;6.18878;0.00118393;3.79447e-06;0;0
5.4e-06;2764.95;2.64387;1.57752;5.44291;5.78112;1.63041;6.18878;0.00118393;3.79447e-06;0;0
5.5e-06;2764.95;2.64387;1.57752;5.44291;5.78112;1.63041;6.18878;0.00118393;3.79447e-06;0;0
5.6e-06;2764.95;2.64387;1.57752;5.44291;5.78112;1.63041;6.18878;0.00118393;3.79447e-06;0;0
5.7e-06;2764.95;2.64387;1.57752;5.44291;5.78112;1.63041;6.18878;0.00118393;3.79447e-06;0;0
5.8e-06;2764.95;2.64387;1.57752;5.44291;5.78112;1.63041;6.18878;0.00118393;3.79447e-06;0;0
5.9e-06;2764.95;2.64387;1.57752;5.44291;5.78112;1.63041;6.18878;0.00118393;3.79447e-06;0;0
6e-06;2764.95;2.64387;1.57752;5.44291;5.78112;1.63041;6.18878;0.00118393;3.79447e-06;0;0
6.1e-06;2764.95;2.64387;1.57752;5.44291;5.78112;1.63041;6.18878;0.00118393;3.79447e-06;0;0
6.2e-06;2764.95;2.64387;1.57752;5.44291;5.78112;1.63041;6.18878;0.00118393;3.79447e-06;0;0
6.3e-06;2764.95;2.64387;1.57752;5.44291;5.78112;1.63041;6.18878;0.00118393;3.79447e-06;0;0
6.4e-06;2764.95;2.64387;1.57752;5.44291;5.78112;1.63041;6.18878;0.00118393;3.79447e-06;0;0
6.5e-06;2764.95;2.64387;1.57752;5.44291;5.78112;1.63041;6.18878;0.00118393;3.79447e-06;0;0
6.6e-06;2764.95;2.64387;1.57752;5.44291;5.78112;1.63041;6.18878;0.00118393;3.79447e-06;0;0
6.7e-06;2764.95;2.64387;1.57752;5.44291;5.78112;1.63041;6.18878;0.00118393;3.79447e-06;0;0
6.8e-06;2764.95;2.64387;1.57752;5.44291;5.78112;1.63041;6.18878;0.00118393;3.79447e-06;0;0
6.9e-06;2764.95;2.64387;1.57752;5.44291;5.78112;1.63041;6.18878;0.00118393;3.79447e-06;0;0
7e-06;2764.95;2.64387;1.57752;5.44291;5.78112;1.63041;6.18878;0.00118393;3.79447e-06;0;0
7.1e-06;2764.95;2.64387;1.57752;5.44291;5.78112;1.63041;6.18878;0.00118393;3.79447e-06;0;0
7.2e-06;2764.95;2.64387;1.57752;5.44291;5.78112;1.63041;6.18878;0.00118393;3.79447e-06;0;0
7.3e-06;2764.95;2.64387;1.57752;5.44291;5.78112;1.63041;6.18878;0.00118393;3.79447e-06;0;0
7.4e-06;2764.95;2.64387;1.57752;5.44291;5.78112;1.63041;6.18878;0.00118393;3.79447e-06;0;0
7.5e-06;2764.95;2.64387;1.57752;5.44291;5.78112;1.63041;6.18878;0.00118393;3.79447e-06;0;0
7.6e-06;2764.95;2.64387;1.57752;5.44291;5.78112;1.63041;6.18878;0.00118393;3.79447e-06;0;0
7.7e-06;2764.95;2.64387;1.57752;5.44291;5.78112;1.63041;6.18878;0.00118393;3.79447e-06;0;0
7.8e-06;2764.95;2.64387;1.57752;5.44291;5.78112;1.63041;6.18878;0.00118393;3.79447e-06;0;0
7.9e-06;2764.95;2.64387;1.57752;5.44291;5.78112;1.63041;6.18878;0.00118393;3.79447e-06;0;0
8e-06;2764.95;2.64387;1.57752;5.44291;5.78112;1.63041;6.18878;0.00118393;3.79447e-06;0;0
8.1e-06;2764.95;2.64387;1.57752;5.44291;5.78112;1.63041;6.18878;0.00118393;3.79447e-06;0;0
8.2e-06;2764.95;2.64387;1.57752;5.44291;5.78112;1.63041;6.18878;0.00118393;3.79447e-06;0;0
8.3e-06;2764.95;2.64387;1.57752;5.44291;5.78112;1.63041;6.18878;0.00118393;3.79447e-06;0;0
8.4e-06;2764.95;2.64387;1.57752;5.44291;5.78112;1.63041;6.18878;0.00118393;3.79447e-06;0;0
8.5e-06;2764.95;2.64387;1.57752;5.44291;5.78112;1.63041;6.18878;0.00118393;3.79447e-06;0;0
8.6e-06;2764.95;2.64387;1.57752;5.44291;5.78112;1.63041;6.18878;0.00118393;3.79447e-06;0;0
8.7e-06;2764.95;2.64387;1.57752;5.44291;5.78112;1.63041;6.18878;0.00118393;3.79447e-06;0;0
8.8e-06;2764.95;2.64387;1.57752;5.44291;5.78112;1.63041;6.18878;0.00118393;3.79447e-06;0;0
8.9e-06;2764.95;2.64387;1.57752;5.44291;5.78112;1.63041;6.18878;0.00118393;3.79447e-06;0;0
9e-06;2764.95;2.64387;1.57752;5.44291;5.78112;1.63041;6.18878;0.00118393;3.79447e-06;0;0
9.1e-06;2764.95;2.64387;1.57752;5.44291;5.78112;1.63041;6.18878;0.00118393;3.79447e-06;0;0
9.2e-06;2764.95;2.64387;1.57752;5.44291;5.78112;1.63041;6.18878;0.00118393;3.79447e-06;0;0
9.3e-06;2764.95;2.64387;1.57752;5.44291;5.78112;1.63041;6.18878;0.00118393;3.79447e-06;0;0
9.4e-06;2764.95;2.64387;1.57752;5.44291;5.78112;1.63041;6.18878;0.00118393;3.79447e-06;0;0
9.5e-06;2764.95;2.64387;1.57752;5.44291;5.78112;1.63041;6.18878;0.00118393;3.79447e-06;0;0
9.6e-06;2764.95;2.64387;1.57752;5.44291;5.78112;1.63041;6.18878;0.00118393;3.79447e-06;0;0
9.7e-06;2764.95;2.64387;1.57752;5.44291;5.78112;1.63041;6.18878;0.00118393;3.79447e-06;0;0
9.8e-06;2764.95;2.64387;1.57752;5.44291;5.78112;1.63041;6.18878;0.00118393;3.79447e-06;0;0
9.9e-06;2764.95;2.64387;1.57752;5.44291;5.78112;1.63041;6.18878;0.00118393;3.79447e-06;0;0
1e-05;2764.95;2.64387;1.57752;5.44291;5.78112;1.63041;6.18878;0.00118393;3.79447e-06;0;0
1.01e-05;2764.95;2.64387;1.57752;5.44291;5.78112;1.63041;6.18878;0.00118393;3.79447e-06;0;0
1.02e-05;2764.95;2.64387;1.57752;5.44291;5.78112;1.63041;6.18878;0.00118393;3.79447e-06;0;0
1.03e-05;2764.95;2.64387;1.57752;5.44291;5.78112;1.63041;6.18878;0.00118393;3.79447e-06;0;0
1.04e-05;2764.95;2.64387;1.57752;5.44291;5.78112;1.63041;6.18878;0.00118393;3.79447e-06;0;0
1.05e-05;2764.95;2.64387;1.57752;5.44291;5.78112;1.63041;6.18878;0.00118393;3.79447e-06;0;0
1.06e-05;2764.95;2.64387;1.57752;5.44291;5.78112;1.63041;6.18878;0.00118393;3.79447e-06;0;0
1.07e-05;2764.95;2.64387;1.57752;5.44291;5.78112;1.63041;6.18878;0.00118393;3.79447e-06;0;0
1.08e-05;2764.95;2.64387;1.57752;5.44291;5.78112;1.63041;6.18878;0.00118393;3.79447e-06;0;0
1.09e-05;2764.95;2.64387;1.57752;5.44291;5.78112;1.63041;6.18878;0.00118393;3.79447e-06;0;0
1.1e-05;2764.95;2.64387;1.57752;5.44291;5.78112;1.63041;6.18878;0.00118393;3.79447e-06;0;0
1.11e-05;2764.95;2.64387;1.57752;5.44291;5.78112;1.63041;6.18878;0.00118393;3.79447e-06;0;0
1.12e-05;2764.95;2.64387;1.57752;5.44291;5.78112;1.63041;6.18878;0.00118393;3.79447e-06;0;0
1.13e-05;2764.95;2.64387;1.57752;5.44291;5.78112;1.63041;6.18878;0.00118393;3.79447e-06;0;0
1.14e-05;2764.95;2.64387;1.57752;5.44291;5.78112;1.63041;6.18878;0.00118393;3.79447e-06;0;0
1.15e-05;2764.95;2.64387;1.57752;5.44291;5.78112;1.63041;6.18878;0.00118393;3.79447e-06;0;0
1.16e-05;2764.95;2.64387;1.57752;5.44291;5.78112;1.63041;6.18878;0.00118393;3.79447e-06;0;0
1.17e-05;2764.95;2.64387;1.57752;5.44291;5.78112;1.63041;6.18878;0.00118393;3.79447e-06;0;0
1.18e-05;2764.95;2.64387;1.57752;5.44291;5.78112;1.63041;6.18878;0.00118393;3.79447e-06;0;0
1.19e-05;2764.95;2.64387;1.57752;5.44291;5.78112;1.63041;6.18878;0.00118393;3.79447e-06;0;0
1.2e-05;2764.95;2.64387;1.57752;5.44291;5.78112;1.63041;6.18878;0.00118393;3.79447e-06;0;0
1.21e-05;2764.95;2.64387;1.57752;5.44291;5.78112;1.63041;6.18878;0.00118393;3.79447e-06;0;0
1.22e-05;2764.95;2.64387;1.57752;5.44291;5.78112;1.63041;6.18878;0.00118393;3.79447e-06;0;0
1.23e-05;2764.95;2.64387;1.57752;5.44291;5.78112;1.63041;6.18878;0.00118393;3.79447e-06;0;0
1.24e-05;2764.95;2.64387;1.57752;5.44291;5.78112;1.63041;6.18878;0.00118393;3.79447e-06;0;0
1.25e-05;2764.95;2.64387;1.57752;5.44291;5.78112;1.63041;6.18878;0.00118393;3.79447e-06;0;0
1.26e-05;2764.95;2.64387;1.57752;5.44291;5.78112;1.63041;6.18878;0.00118393;3.79447e-06;0;0
1.27e-05;2764.95;2.64387;1.57752;5.44291;5.78112;1.63041;6.18878;0.00118393;3.79447e-06;0;0
1.28e-05;2764.95;2.64387;1.57752;5.44291;5.78112;1.63041;6.18878;0.00118393;3.79447e-06;0;0
1.29e-05;2764.95;2.64387;1.57752;5.44291;5.78112;1.63041;6.18878;0.00118393;3.79447e-06;0;0
1.3e-05;2764.95;2.64387;1.57752;5.44291;5.78112;1.63041;6.18878;0.00118393;3.79447e-06;0;0
1.31e-05;2764.95;2.64387;1.57752;5.44291;5.78112;1.63041;6.18878;0.00118393;3.79447e-06;0;0
1.32e-05;2764.95;2.64387;1.57752;5.44291;5.78112;1.63041;6.18878;0.00118393;3.79447e-06;0;0
1.33e-05;2764.95;2.64387;1.57752;5.44291;5.78112;1.63041;6.18878;0.00118393;3.79447e-06;0;0
1.34e-05;2764.95;2.64387;1.57752;5.44291;5.78112;1.63041;6.18878;0.00118393;3.79447e-06;0;0
1.35e-05;2764.95;2.64387;1.57752;5.44291;5.78112;1.63041;6.18878;0.00118393;3.79447e-06;0;0
1.36e-05;2764.95;2.64387;1.57752;5.44291;5.78112;1.63041;6.18878;0.00118393;3.79447e-06;0;0
1.37e-05;2764.95;2.64387;1.57752;5.44291;5.78112;1.63041;6.18878;0.00118393;3.79447e-06;0;0
1.38e-05;2764.95;2.64387;1.57752;5.44291;5.78112;1.63041;6.18878;0.00118393;3.79447e-06;0;0
1.39e-05;2764.95;2.64387;1.57752;5.44291;5.78112;1.63041;6.18878;0.00118393;3.79447e-06;0;0
1.4e-05;2764.95;2.64387;1.57752;5.44291;5.78112;1.63041;6.18878;0.00118393;3.79447e-06;0;0
1.41e-05;2764.95;2.64387;1.57752;5.44291;5.78112;1.63041;6.18878;0.00118393;3.79447e-06;0;0
1.42e-05;2764.95;2.64387;1.57752;5.44291;5.78112;1.63041;6.18878;0.00118393;3.79447e-06;0;0
1.43e-05;2764.95;2.64387;1.57752;5.44291;5.78112;1.63041;6.18878;0.00118393;3.79447e-06;0;0
1.44e-05;2764.95;2.64387;1.57752;5.44291;5.78112;1.63041;6.18878;0.00118393;3.79447e-06;0;0
1.45e-05;2764.95;2.64387;1.57752;5.44291;5.78112;1.63041;6.18878;0.00118393;3.79447e-06;0;0
1.46e-05;2764.95;2.64387;1.57752;5.44291;5.78112;1.63041;6.18878;0.00118393;3.79447e-06;0;0
1.47e-05;2764.95;2.64387;1.57752;5.44291;5.78112;1.63041;6.18878;0.00118393;3.79447e-06;0;0
1.48e-05;2764.95;2.64387;1.57752;5.44291;5.78112;1.63041;6.18878;0.00118393;3.79447e-06;0;0
1.49e-05;2764.95;2.64387;1.57752;5.44291;5.78112;1.63041;6.18878;0.00118393;3.79447e-06;0;0
1.5e-05;2764.95;2.64387;1.57752;5.44291;5.78112;1.63041;6.18878;0.00118393;3.79447e-06;0;0
1.51e-05;2764.95;2.64387;1.57752;5.44291;5.78112;1.63041;6.18878;0.00118393;3.79447e-06;0;0
1.52e-05;2764.95;2.64387;1.57752;5.44291;5.78112;1.63041;6.18878;0.00118393;3.79447e-06;0;0
1.53e-05;2764.95;2.64387;1.57752;5.44291;5.78112;1.63041;6.18878;0.00118393;3.79447e-06;0;0
1.54e-05;2764.95;2.64387;1.57752;5.44291;5.78112;1.63041;6.18878;0.00118393;3.79447e-06;0;0
1.55e-05;2764.95;2.64387;1.57752;5.44291;5.78112;1.63041;6.18878;0.00118393;3.79447e-06;0;0
1.56e-05;2764.95;2.64387;1.57752;5.44291;5.78112;1.63041;6.18878;0.00118393;3.79447e-06;0;0
1.57e-05;2764.95;2.64387;1.57752;5.44291;5.78112;1.63041;6.18878;0.00118393;3.79447e-06;0;0
1.58e-05;2764.95;2.64387;1.57752;5.44291;5.78112;1.63041;6.18878;0.00118393;3.79447e-06;0;0
1.59e-05;2764.95;2.64387;1.57752;5.44291;5.78112;1.63041;6.18878;0.00118393;3.79447e-06;0;0
1.6e-05;2764.95;2.64387;1.57752;5.44291;5.78112;1.63041;6.18878;0.00118393;3.79447e-06;0;0
1.61e-05;2764.95;2.64387;1.57752;5.44291;5.78112;1.63041;6.18878;0.00118393;3.79447e-06;0;0
1.62e-05;2764.95;2.64387;1.57752;5.44291;5.78112;1.63041;6.18878;0.00118393;3.79447e-06;0;0
1.63e-05;2764.95;2.64387;1.57752;5.44291;5.78112;1.63041;6.18878;0.00118393;3.79447e-06;0;0
1.64e-05;2764.95;2.64387;1.57752;5.44291;5.78112;1.63041;6.18878;0.00118393;3.79447e-06;0;0
1.65e-05;2764.95;2.64387;1.57752;5.44291;5.78112;1.63041;6.18878;0.00118393;3.79447e-06;0;0
1.66e-05;2764.95;2.64387;1.57752;5.44291;5.78112;1.63041;6.18878;0.00118393;3.79447e-06;0;0
1.67e-05;2764.95;2.64387;1.57752;5.44291;5.78112;1.63041;6.18878;0.00118393;3.79447e-06;0;0
1.68e-05;2764.95;2.64387;1.57752;5.44291;5.78112;1.63041;6.18878;0.00118393;3.79447e-06;0;0
1.69e-05;2764.95;2.64387;1.57752;5.44291;5.78112;1.63041;6.18878;0.00118393;3.79447e-06;0;0
1.7e-05;2764.95;2.64387;1.57752;5.44291;5.78112;1.63041;6.18878;0.00118393;3.79447e-06;0;0
1.71e-05;2764.95;2.64387;1.57752;5.44291;5.78112;1.63041;6.18878;0.00118393;3.79447e-06;0;0
1.72e-05;2764.95;2.64387;1.57752;5.44291;5.78112;1.63041;6.18878;0.00118393;3.79447e-06;0;0
1.73e-05;2764.95;2.64387;1.57752;5.44291;5.78112;1.63041;6.18878;0.00118393;3.79447e-06;0;0
1.74e-05;2764.95;2.64387;1.57752;5.44291;5.78112;1.63041;6.18878;0.00118393;3.79447e-06;0;0
1.75e-05;2764.95;2.64387;1.57752;5.44291;5.78112;1.63041;6.18878;0.00118393;3.79447e-06;0;0
1.76e-05;2764.95;2.64387;1.57752;5.44291;5.78112;1.63041;6.18878;0.00118393;3.79447e-06;0;0
1.77e-05;2764.95;2.64387;1.57752;5.44291;5.78112;1.63041;6.18878;0.00118393;3.79447e-06;0;0
1.78e-05;2764.95;2.64387;1.57752;5.44291;5.78112;1.63041;6.18878;0.00118393;3.79447e-06;0;0
1.79e-05;2764.95;2.64387;1.57752;5.44291;5.78112;1.63041;6.18878;0.00118393;3.79447e-06;0;0
1.8e-05;2764.95;2.64387;1.57752;5.44291;5.78112;1.63041;6.18878;0.00118393;3.79447e-06;0;0
1.81e-05;2764.95;2.64387;1.57752;5.44291;5.78112;1.63041;6.18878;0.00118393;3.79447e-06;0;0
1.82e-05;2764.95;2.64387;1.57752;5.44291;5.78112;1.63041;6.18878;0.00118393;3.79447e-06;0;0
1.83e-05;2764.95;2.64387;1.57752;5.44291;5.78112;1.63041;6.18878;0.00118393;3.79447e-06;0;0
1.84e-05;2764.95;2.64387;1.57752;5.44291;5.78112;1.63041;6.18878;0.00118393;3.79447e-06;0;0
1.85e-05;2764.95;2.64387;1.57752;5.44291;5.78112;1.63041;6.18878;0.00118393;3.79447e-06;0;0
1.86e-05;2764.95;2.64387;1.57752;5.44291;5.78112;1.63041;6.18878;0.00118393;3.79447e-06;0;0
1.87e-05;2764.95;2.64387;1.57752;5.44291;5.78112;1.63041;6.18878;0.00118393;3.79447e-06;0;0
1.88e-05;2764.95;2.64387;1.57752;5.44291;5.78112;1.63041;6.18878;0.00118393;3.79447e-06;0;0
1.89e-05;2764.95;2.64387;1.57752;5.44291;5.78112;1.63041;6.18878;0.00118393;3.79447e-06;0;0
1.9e-05;2764.95;2.64387;1.57752;5.44291;5.78112;1.63041;6.18878;0.00118393;3.79447e-06;0;0
1.91e-05;2764.95;2.64387;1.57752;5.44291;5.78112;1.63041;6.18878;0.00118393;3.79447e-06;0;0
1.92e-05;2764.95;2.64387;1.57752;5.44291;5.78112;1.63041;6.18878;0.00118393;3.79447e-06;0;0
1.93e-05;2764.95;2.64387;1.57752;5.44291;5.78112;1.63041;6.18878;0.00118393;3.79447e-06;0;0
1.94e-05;2764.95;2.64387;1.57752;5.44291;5.78112;1.63041;6.18878;0.00118393;3.79447e-06;0;0
1.95e-05;2764.95;2.64387;1.57752;5.44291;5.78112;1.63041;6.18878;0.00118393;3.79447e-06;0;0
1.96e-05;2764.95;2.64387;1.57752;5.44291;5.78112;1.63041;6.18878;0.00118393;3.79447e-06;0;0
1.97e-05;2764.95;2.64387;1.57752;5.44291;5.78112;1.63041;6.18878;0.00118393;3.79447e-06;0;0
1.98e-05;2764.95;2.64387;1.57752;5.44291;5.78112;1.63041;6.18878;0.00118393;3.79447e-06;0;0
1.99e-05;2764.95;2.64387;1.57752;5.44291;5.78112;1.63041;6.18878;0.00118393;3.79447e-06;0;0
2e-05;2764.95;2.64387;1.57752;5.44291;5.78112;1.63041;6.18878;0.00118393;3.79447e-06;0;0
